10000101101
10001000010
10000111110
100000
10000111010
10000110000
10000110110
10000110101
10001000010
10001000001
10001001111
100000
10000111111
10001000000
10000111110
10001000001
10001000010
10000111110
100000
10000111110
10000110001
10001001011
10001000111
10000111101
10001001011
10000111001
100000
10001000010
10000110101
10000111010
10001000001
10001000010
1010
10000011101
10000111110
100000
10001000111
10001000010
10000111110
100000
10000111111
10001000000
10000111110
10000111000
10001000001
10001000101
10000111110
10000110100
10000111000
10001000010
100000
10000111101
10000110000
100000
10001000001
10000110000
10000111100
10000111110
10000111100
100000
10000110100
10000110101
10000111011
10000110101
100000
10000110010
100000
10001000000
10000110101
10000110011
10000111000
10001000001
10001000010
10001000000
10000110000
10001000101
100000
10000111111
10000110000
10000111100
10001001111
10001000010
10000111000
101100
100000
10000111000
100000
10000111010
10000110000
10000111010
100000
10000111010
10000111110
10000111100
10000110000
10000111101
10000110100
10001001011
100000
10000110010
10000111000
10000110100
10000111000
10001000010
100000
10000111111
10001000000
10000111110
10001000110
10000110101
10001000001
10001000001
10000111110
10001000000
111111
1010
10000011111
10000111110
10000111011
10001000011
10001000111
10000110000
10000110101
10001000010
10001000001
10001001111
100000
10001000111
10001000010
10000111110
100000
10000110010
10000111110
10001000010
100000
10001000010
10000110000
10000111010
101110
101110
101110
1010
10000010000
100000
10000110010
10001000000
10000111110
10000110100
10000110101
100000
10000110001
10001001011
100000
10000111110
10000110001
10001001011
10001000111
10000111101
10001001011
10000111001
100000
1110000
1110010
1101001
1101110
1110100
